{
    "version": [
        "1",
        "0",
        "0"
    ],
    "featuresFolders": [
        "..\\..\\FeatureExtraction\\1c8768372316ef13c65aadb59bed9dd70c492f0d"
    ],
    "matchesFolders": [
        "..\\..\\FeatureMatching\\64dd66d101d8e6c7bda7139486ed8dbca04f47da"
    ],
    "views": [
        {
            "viewId": "111684999",
            "poseId": "111684999",
            "intrinsicId": "325794158",
            "resectionId": "0",
            "path": "D:\/Develop\/Model\/Photogrammetry\/AllPhotos\/PhotoModel\/28.jpg",
            "width": "1920",
            "height": "1080",
            "metadata": {
                "AliceVision:useWhiteBalance": "1",
                "ImageDescription": "Blender:File:D:\\Develop\\Model\\Blender\\Human\\Daria_hair.blend",
                "ResolutionUnit": "none",
                "XResolution": "1",
                "YResolution": "1",
                "jpeg:subsampling": "4:2:0",
                "oiio:ColorSpace": "sRGB"
            }
        },
        {
            "viewId": "183510718",
            "poseId": "183510718",
            "intrinsicId": "325794158",
            "resectionId": "26",
            "path": "D:\/Develop\/Model\/Photogrammetry\/AllPhotos\/PhotoModel\/3.jpg",
            "width": "1920",
            "height": "1080",
            "metadata": {
                "AliceVision:useWhiteBalance": "1",
                "ImageDescription": "Blender:File:D:\\Develop\\Model\\Blender\\Human\\Daria_hair.blend",
                "ResolutionUnit": "none",
                "XResolution": "1",
                "YResolution": "1",
                "jpeg:subsampling": "4:2:0",
                "oiio:ColorSpace": "sRGB"
            }
        },
        {
            "viewId": "240098606",
            "poseId": "240098606",
            "intrinsicId": "325794158",
            "resectionId": "24",
            "path": "D:\/Develop\/Model\/Photogrammetry\/AllPhotos\/PhotoModel\/18.jpg",
            "width": "1920",
            "height": "1080",
            "metadata": {
                "AliceVision:useWhiteBalance": "1",
                "ImageDescription": "Blender:File:D:\\Develop\\Model\\Blender\\Human\\Daria_hair.blend",
                "ResolutionUnit": "none",
                "XResolution": "1",
                "YResolution": "1",
                "jpeg:subsampling": "4:2:0",
                "oiio:ColorSpace": "sRGB"
            }
        },
        {
            "viewId": "334008734",
            "poseId": "334008734",
            "intrinsicId": "325794158",
            "resectionId": "25",
            "path": "D:\/Develop\/Model\/Photogrammetry\/AllPhotos\/PhotoModel\/34.jpg",
            "width": "1920",
            "height": "1080",
            "metadata": {
                "AliceVision:useWhiteBalance": "1",
                "ImageDescription": "Blender:File:D:\\Develop\\Model\\Blender\\Human\\Daria_hair.blend",
                "ResolutionUnit": "none",
                "XResolution": "1",
                "YResolution": "1",
                "jpeg:subsampling": "4:2:0",
                "oiio:ColorSpace": "sRGB"
            }
        },
        {
            "viewId": "419812921",
            "poseId": "419812921",
            "intrinsicId": "325794158",
            "resectionId": "5",
            "path": "D:\/Develop\/Model\/Photogrammetry\/AllPhotos\/PhotoModel\/11.jpg",
            "width": "1920",
            "height": "1080",
            "metadata": {
                "AliceVision:useWhiteBalance": "1",
                "ImageDescription": "Blender:File:D:\\Develop\\Model\\Blender\\Human\\Daria_hair.blend",
                "ResolutionUnit": "none",
                "XResolution": "1",
                "YResolution": "1",
                "jpeg:subsampling": "4:2:0",
                "oiio:ColorSpace": "sRGB"
            }
        },
        {
            "viewId": "463507930",
            "poseId": "463507930",
            "intrinsicId": "325794158",
            "resectionId": "14",
            "path": "D:\/Develop\/Model\/Photogrammetry\/AllPhotos\/PhotoModel\/6.jpg",
            "width": "1920",
            "height": "1080",
            "metadata": {
                "AliceVision:useWhiteBalance": "1",
                "ImageDescription": "Blender:File:D:\\Develop\\Model\\Blender\\Human\\Daria_hair.blend",
                "ResolutionUnit": "none",
                "XResolution": "1",
                "YResolution": "1",
                "jpeg:subsampling": "4:2:0",
                "oiio:ColorSpace": "sRGB"
            }
        },
        {
            "viewId": "519724440",
            "poseId": "519724440",
            "intrinsicId": "325794158",
            "resectionId": "17",
            "path": "D:\/Develop\/Model\/Photogrammetry\/AllPhotos\/PhotoModel\/21.jpg",
            "width": "1920",
            "height": "1080",
            "metadata": {
                "AliceVision:useWhiteBalance": "1",
                "ImageDescription": "Blender:File:D:\\Develop\\Model\\Blender\\Human\\Daria_hair.blend",
                "ResolutionUnit": "none",
                "XResolution": "1",
                "YResolution": "1",
                "jpeg:subsampling": "4:2:0",
                "oiio:ColorSpace": "sRGB"
            }
        },
        {
            "viewId": "528461464",
            "poseId": "528461464",
            "intrinsicId": "325794158",
            "resectionId": "4",
            "path": "D:\/Develop\/Model\/Photogrammetry\/AllPhotos\/PhotoModel\/9.jpg",
            "width": "1920",
            "height": "1080",
            "metadata": {
                "AliceVision:useWhiteBalance": "1",
                "ImageDescription": "Blender:File:D:\\Develop\\Model\\Blender\\Human\\Daria_hair.blend",
                "ResolutionUnit": "none",
                "XResolution": "1",
                "YResolution": "1",
                "jpeg:subsampling": "4:2:0",
                "oiio:ColorSpace": "sRGB"
            }
        },
        {
            "viewId": "548962315",
            "poseId": "548962315",
            "intrinsicId": "325794158",
            "resectionId": "7",
            "path": "D:\/Develop\/Model\/Photogrammetry\/AllPhotos\/PhotoModel\/12.jpg",
            "width": "1920",
            "height": "1080",
            "metadata": {
                "AliceVision:useWhiteBalance": "1",
                "ImageDescription": "Blender:File:D:\\Develop\\Model\\Blender\\Human\\Daria_hair.blend",
                "ResolutionUnit": "none",
                "XResolution": "1",
                "YResolution": "1",
                "jpeg:subsampling": "4:2:0",
                "oiio:ColorSpace": "sRGB"
            }
        },
        {
            "viewId": "662602160",
            "poseId": "662602160",
            "intrinsicId": "325794158",
            "resectionId": "23",
            "path": "D:\/Develop\/Model\/Photogrammetry\/AllPhotos\/PhotoModel\/2.jpg",
            "width": "1920",
            "height": "1080",
            "metadata": {
                "AliceVision:useWhiteBalance": "1",
                "ImageDescription": "Blender:File:D:\\Develop\\Model\\Blender\\Human\\Daria_hair.blend",
                "ResolutionUnit": "none",
                "XResolution": "1",
                "YResolution": "1",
                "jpeg:subsampling": "4:2:0",
                "oiio:ColorSpace": "sRGB"
            }
        },
        {
            "viewId": "685539783",
            "poseId": "685539783",
            "intrinsicId": "325794158",
            "resectionId": "11",
            "path": "D:\/Develop\/Model\/Photogrammetry\/AllPhotos\/PhotoModel\/13.jpg",
            "width": "1920",
            "height": "1080",
            "metadata": {
                "AliceVision:useWhiteBalance": "1",
                "ImageDescription": "Blender:File:D:\\Develop\\Model\\Blender\\Human\\Daria_hair.blend",
                "ResolutionUnit": "none",
                "XResolution": "1",
                "YResolution": "1",
                "jpeg:subsampling": "4:2:0",
                "oiio:ColorSpace": "sRGB"
            }
        },
        {
            "viewId": "875067505",
            "poseId": "875067505",
            "intrinsicId": "325794158",
            "resectionId": "10",
            "path": "D:\/Develop\/Model\/Photogrammetry\/AllPhotos\/PhotoModel\/25.jpg",
            "width": "1920",
            "height": "1080",
            "metadata": {
                "AliceVision:useWhiteBalance": "1",
                "ImageDescription": "Blender:File:D:\\Develop\\Model\\Blender\\Human\\Daria_hair.blend",
                "ResolutionUnit": "none",
                "XResolution": "1",
                "YResolution": "1",
                "jpeg:subsampling": "4:2:0",
                "oiio:ColorSpace": "sRGB"
            }
        },
        {
            "viewId": "952362924",
            "poseId": "952362924",
            "intrinsicId": "325794158",
            "resectionId": "21",
            "path": "D:\/Develop\/Model\/Photogrammetry\/AllPhotos\/PhotoModel\/35.jpg",
            "width": "1920",
            "height": "1080",
            "metadata": {
                "AliceVision:useWhiteBalance": "1",
                "ImageDescription": "Blender:File:D:\\Develop\\Model\\Blender\\Human\\Daria_hair.blend",
                "ResolutionUnit": "none",
                "XResolution": "1",
                "YResolution": "1",
                "jpeg:subsampling": "4:2:0",
                "oiio:ColorSpace": "sRGB"
            }
        },
        {
            "viewId": "962850120",
            "poseId": "962850120",
            "intrinsicId": "325794158",
            "resectionId": "28",
            "path": "D:\/Develop\/Model\/Photogrammetry\/AllPhotos\/PhotoModel\/33.jpg",
            "width": "1920",
            "height": "1080",
            "metadata": {
                "AliceVision:useWhiteBalance": "1",
                "ImageDescription": "Blender:File:D:\\Develop\\Model\\Blender\\Human\\Daria_hair.blend",
                "ResolutionUnit": "none",
                "XResolution": "1",
                "YResolution": "1",
                "jpeg:subsampling": "4:2:0",
                "oiio:ColorSpace": "sRGB"
            }
        },
        {
            "viewId": "972974642",
            "poseId": "972974642",
            "intrinsicId": "325794158",
            "resectionId": "28",
            "path": "D:\/Develop\/Model\/Photogrammetry\/AllPhotos\/PhotoModel\/14.jpg",
            "width": "1920",
            "height": "1080",
            "metadata": {
                "AliceVision:useWhiteBalance": "1",
                "ImageDescription": "Blender:File:D:\\Develop\\Model\\Blender\\Human\\Daria_hair.blend",
                "ResolutionUnit": "none",
                "XResolution": "1",
                "YResolution": "1",
                "jpeg:subsampling": "4:2:0",
                "oiio:ColorSpace": "sRGB"
            }
        },
        {
            "viewId": "1045860334",
            "poseId": "1045860334",
            "intrinsicId": "325794158",
            "resectionId": "28",
            "path": "D:\/Develop\/Model\/Photogrammetry\/AllPhotos\/PhotoModel\/15.jpg",
            "width": "1920",
            "height": "1080",
            "metadata": {
                "AliceVision:useWhiteBalance": "1",
                "ImageDescription": "Blender:File:D:\\Develop\\Model\\Blender\\Human\\Daria_hair.blend",
                "ResolutionUnit": "none",
                "XResolution": "1",
                "YResolution": "1",
                "jpeg:subsampling": "4:2:0",
                "oiio:ColorSpace": "sRGB"
            }
        },
        {
            "viewId": "1048924566",
            "poseId": "1048924566",
            "intrinsicId": "325794158",
            "resectionId": "28",
            "path": "D:\/Develop\/Model\/Photogrammetry\/AllPhotos\/PhotoModel\/5.jpg",
            "width": "1920",
            "height": "1080",
            "metadata": {
                "AliceVision:useWhiteBalance": "1",
                "ImageDescription": "Blender:File:D:\\Develop\\Model\\Blender\\Human\\Daria_hair.blend",
                "ResolutionUnit": "none",
                "XResolution": "1",
                "YResolution": "1",
                "jpeg:subsampling": "4:2:0",
                "oiio:ColorSpace": "sRGB"
            }
        },
        {
            "viewId": "1071765887",
            "poseId": "1071765887",
            "intrinsicId": "325794158",
            "resectionId": "20",
            "path": "D:\/Develop\/Model\/Photogrammetry\/AllPhotos\/PhotoModel\/36.jpg",
            "width": "1920",
            "height": "1080",
            "metadata": {
                "AliceVision:useWhiteBalance": "1",
                "ImageDescription": "Blender:File:D:\\Develop\\Model\\Blender\\Human\\Daria_hair.blend",
                "ResolutionUnit": "none",
                "XResolution": "1",
                "YResolution": "1",
                "jpeg:subsampling": "4:2:0",
                "oiio:ColorSpace": "sRGB"
            }
        },
        {
            "viewId": "1109454668",
            "poseId": "1109454668",
            "intrinsicId": "325794158",
            "resectionId": "28",
            "path": "D:\/Develop\/Model\/Photogrammetry\/AllPhotos\/PhotoModel\/4.jpg",
            "width": "1920",
            "height": "1080",
            "metadata": {
                "AliceVision:useWhiteBalance": "1",
                "ImageDescription": "Blender:File:D:\\Develop\\Model\\Blender\\Human\\Daria_hair.blend",
                "ResolutionUnit": "none",
                "XResolution": "1",
                "YResolution": "1",
                "jpeg:subsampling": "4:2:0",
                "oiio:ColorSpace": "sRGB"
            }
        },
        {
            "viewId": "1291447966",
            "poseId": "1291447966",
            "intrinsicId": "325794158",
            "path": "D:\/Develop\/Model\/Photogrammetry\/AllPhotos\/PhotoModel\/8.jpg",
            "width": "1920",
            "height": "1080",
            "metadata": {
                "AliceVision:useWhiteBalance": "1",
                "ImageDescription": "Blender:File:D:\\Develop\\Model\\Blender\\Human\\Daria_hair.blend",
                "ResolutionUnit": "none",
                "XResolution": "1",
                "YResolution": "1",
                "jpeg:subsampling": "4:2:0",
                "oiio:ColorSpace": "sRGB"
            }
        },
        {
            "viewId": "1303392349",
            "poseId": "1303392349",
            "intrinsicId": "325794158",
            "resectionId": "12",
            "path": "D:\/Develop\/Model\/Photogrammetry\/AllPhotos\/PhotoModel\/24.jpg",
            "width": "1920",
            "height": "1080",
            "metadata": {
                "AliceVision:useWhiteBalance": "1",
                "ImageDescription": "Blender:File:D:\\Develop\\Model\\Blender\\Human\\Daria_hair.blend",
                "ResolutionUnit": "none",
                "XResolution": "1",
                "YResolution": "1",
                "jpeg:subsampling": "4:2:0",
                "oiio:ColorSpace": "sRGB"
            }
        },
        {
            "viewId": "1383573077",
            "poseId": "1383573077",
            "intrinsicId": "325794158",
            "resectionId": "2",
            "path": "D:\/Develop\/Model\/Photogrammetry\/AllPhotos\/PhotoModel\/29.jpg",
            "width": "1920",
            "height": "1080",
            "metadata": {
                "AliceVision:useWhiteBalance": "1",
                "ImageDescription": "Blender:File:D:\\Develop\\Model\\Blender\\Human\\Daria_hair.blend",
                "ResolutionUnit": "none",
                "XResolution": "1",
                "YResolution": "1",
                "jpeg:subsampling": "4:2:0",
                "oiio:ColorSpace": "sRGB"
            }
        },
        {
            "viewId": "1423801689",
            "poseId": "1423801689",
            "intrinsicId": "325794158",
            "resectionId": "3",
            "path": "D:\/Develop\/Model\/Photogrammetry\/AllPhotos\/PhotoModel\/26.jpg",
            "width": "1920",
            "height": "1080",
            "metadata": {
                "AliceVision:useWhiteBalance": "1",
                "ImageDescription": "Blender:File:D:\\Develop\\Model\\Blender\\Human\\Daria_hair.blend",
                "ResolutionUnit": "none",
                "XResolution": "1",
                "YResolution": "1",
                "jpeg:subsampling": "4:2:0",
                "oiio:ColorSpace": "sRGB"
            }
        },
        {
            "viewId": "1430235717",
            "poseId": "1430235717",
            "intrinsicId": "325794158",
            "resectionId": "1",
            "path": "D:\/Develop\/Model\/Photogrammetry\/AllPhotos\/PhotoModel\/27.jpg",
            "width": "1920",
            "height": "1080",
            "metadata": {
                "AliceVision:useWhiteBalance": "1",
                "ImageDescription": "Blender:File:D:\\Develop\\Model\\Blender\\Human\\Daria_hair.blend",
                "ResolutionUnit": "none",
                "XResolution": "1",
                "YResolution": "1",
                "jpeg:subsampling": "4:2:0",
                "oiio:ColorSpace": "sRGB"
            }
        },
        {
            "viewId": "1484429211",
            "poseId": "1484429211",
            "intrinsicId": "325794158",
            "resectionId": "16",
            "path": "D:\/Develop\/Model\/Photogrammetry\/AllPhotos\/PhotoModel\/22.jpg",
            "width": "1920",
            "height": "1080",
            "metadata": {
                "AliceVision:useWhiteBalance": "1",
                "ImageDescription": "Blender:File:D:\\Develop\\Model\\Blender\\Human\\Daria_hair.blend",
                "ResolutionUnit": "none",
                "XResolution": "1",
                "YResolution": "1",
                "jpeg:subsampling": "4:2:0",
                "oiio:ColorSpace": "sRGB"
            }
        },
        {
            "viewId": "1561737519",
            "poseId": "1561737519",
            "intrinsicId": "325794158",
            "resectionId": "15",
            "path": "D:\/Develop\/Model\/Photogrammetry\/AllPhotos\/PhotoModel\/23.jpg",
            "width": "1920",
            "height": "1080",
            "metadata": {
                "AliceVision:useWhiteBalance": "1",
                "ImageDescription": "Blender:File:D:\\Develop\\Model\\Blender\\Human\\Daria_hair.blend",
                "ResolutionUnit": "none",
                "XResolution": "1",
                "YResolution": "1",
                "jpeg:subsampling": "4:2:0",
                "oiio:ColorSpace": "sRGB"
            }
        },
        {
            "viewId": "1591168098",
            "poseId": "1591168098",
            "intrinsicId": "325794158",
            "resectionId": "19",
            "path": "D:\/Develop\/Model\/Photogrammetry\/AllPhotos\/PhotoModel\/19.jpg",
            "width": "1920",
            "height": "1080",
            "metadata": {
                "AliceVision:useWhiteBalance": "1",
                "ImageDescription": "Blender:File:D:\\Develop\\Model\\Blender\\Human\\Daria_hair.blend",
                "ResolutionUnit": "none",
                "XResolution": "1",
                "YResolution": "1",
                "jpeg:subsampling": "4:2:0",
                "oiio:ColorSpace": "sRGB"
            }
        },
        {
            "viewId": "1602002566",
            "poseId": "1602002566",
            "intrinsicId": "325794158",
            "resectionId": "8",
            "path": "D:\/Develop\/Model\/Photogrammetry\/AllPhotos\/PhotoModel\/31.jpg",
            "width": "1920",
            "height": "1080",
            "metadata": {
                "AliceVision:useWhiteBalance": "1",
                "ImageDescription": "Blender:File:D:\\Develop\\Model\\Blender\\Human\\Daria_hair.blend",
                "ResolutionUnit": "none",
                "XResolution": "1",
                "YResolution": "1",
                "jpeg:subsampling": "4:2:0",
                "oiio:ColorSpace": "sRGB"
            }
        },
        {
            "viewId": "1610549780",
            "poseId": "1610549780",
            "intrinsicId": "325794158",
            "resectionId": "18",
            "path": "D:\/Develop\/Model\/Photogrammetry\/AllPhotos\/PhotoModel\/20.jpg",
            "width": "1920",
            "height": "1080",
            "metadata": {
                "AliceVision:useWhiteBalance": "1",
                "ImageDescription": "Blender:File:D:\\Develop\\Model\\Blender\\Human\\Daria_hair.blend",
                "ResolutionUnit": "none",
                "XResolution": "1",
                "YResolution": "1",
                "jpeg:subsampling": "4:2:0",
                "oiio:ColorSpace": "sRGB"
            }
        },
        {
            "viewId": "1756679324",
            "poseId": "1756679324",
            "intrinsicId": "325794158",
            "resectionId": "9",
            "path": "D:\/Develop\/Model\/Photogrammetry\/AllPhotos\/PhotoModel\/7.jpg",
            "width": "1920",
            "height": "1080",
            "metadata": {
                "AliceVision:useWhiteBalance": "1",
                "ImageDescription": "Blender:File:D:\\Develop\\Model\\Blender\\Human\\Daria_hair.blend",
                "ResolutionUnit": "none",
                "XResolution": "1",
                "YResolution": "1",
                "jpeg:subsampling": "4:2:0",
                "oiio:ColorSpace": "sRGB"
            }
        },
        {
            "viewId": "1781977376",
            "poseId": "1781977376",
            "intrinsicId": "325794158",
            "resectionId": "6",
            "path": "D:\/Develop\/Model\/Photogrammetry\/AllPhotos\/PhotoModel\/30.jpg",
            "width": "1920",
            "height": "1080",
            "metadata": {
                "AliceVision:useWhiteBalance": "1",
                "ImageDescription": "Blender:File:D:\\Develop\\Model\\Blender\\Human\\Daria_hair.blend",
                "ResolutionUnit": "none",
                "XResolution": "1",
                "YResolution": "1",
                "jpeg:subsampling": "4:2:0",
                "oiio:ColorSpace": "sRGB"
            }
        },
        {
            "viewId": "1889243692",
            "poseId": "1889243692",
            "intrinsicId": "325794158",
            "resectionId": "28",
            "path": "D:\/Develop\/Model\/Photogrammetry\/AllPhotos\/PhotoModel\/16.jpg",
            "width": "1920",
            "height": "1080",
            "metadata": {
                "AliceVision:useWhiteBalance": "1",
                "ImageDescription": "Blender:File:D:\\Develop\\Model\\Blender\\Human\\Daria_hair.blend",
                "ResolutionUnit": "none",
                "XResolution": "1",
                "YResolution": "1",
                "jpeg:subsampling": "4:2:0",
                "oiio:ColorSpace": "sRGB"
            }
        },
        {
            "viewId": "1898082067",
            "poseId": "1898082067",
            "intrinsicId": "325794158",
            "resectionId": "22",
            "path": "D:\/Develop\/Model\/Photogrammetry\/AllPhotos\/PhotoModel\/1.jpg",
            "width": "1920",
            "height": "1080",
            "metadata": {
                "AliceVision:useWhiteBalance": "1",
                "ImageDescription": "Blender:File:D:\\Develop\\Model\\Blender\\Human\\Daria_hair.blend",
                "ResolutionUnit": "none",
                "XResolution": "1",
                "YResolution": "1",
                "jpeg:subsampling": "4:2:0",
                "oiio:ColorSpace": "sRGB"
            }
        },
        {
            "viewId": "1954765485",
            "poseId": "1954765485",
            "intrinsicId": "325794158",
            "path": "D:\/Develop\/Model\/Photogrammetry\/AllPhotos\/PhotoModel\/10.jpg",
            "width": "1920",
            "height": "1080",
            "metadata": {
                "AliceVision:useWhiteBalance": "1",
                "ImageDescription": "Blender:File:D:\\Develop\\Model\\Blender\\Human\\Daria_hair.blend",
                "ResolutionUnit": "none",
                "XResolution": "1",
                "YResolution": "1",
                "jpeg:subsampling": "4:2:0",
                "oiio:ColorSpace": "sRGB"
            }
        },
        {
            "viewId": "1976591740",
            "poseId": "1976591740",
            "intrinsicId": "325794158",
            "resectionId": "27",
            "path": "D:\/Develop\/Model\/Photogrammetry\/AllPhotos\/PhotoModel\/17.jpg",
            "width": "1920",
            "height": "1080",
            "metadata": {
                "AliceVision:useWhiteBalance": "1",
                "ImageDescription": "Blender:File:D:\\Develop\\Model\\Blender\\Human\\Daria_hair.blend",
                "ResolutionUnit": "none",
                "XResolution": "1",
                "YResolution": "1",
                "jpeg:subsampling": "4:2:0",
                "oiio:ColorSpace": "sRGB"
            }
        },
        {
            "viewId": "2089217842",
            "poseId": "2089217842",
            "intrinsicId": "325794158",
            "resectionId": "13",
            "path": "D:\/Develop\/Model\/Photogrammetry\/AllPhotos\/PhotoModel\/32.jpg",
            "width": "1920",
            "height": "1080",
            "metadata": {
                "AliceVision:useWhiteBalance": "1",
                "ImageDescription": "Blender:File:D:\\Develop\\Model\\Blender\\Human\\Daria_hair.blend",
                "ResolutionUnit": "none",
                "XResolution": "1",
                "YResolution": "1",
                "jpeg:subsampling": "4:2:0",
                "oiio:ColorSpace": "sRGB"
            }
        }
    ],
    "intrinsics": [
        {
            "intrinsicId": "325794158",
            "width": "1920",
            "height": "1080",
            "sensorWidth": "-1",
            "sensorHeight": "-0.5625",
            "serialNumber": "D:\/Develop\/Model\/Photogrammetry\/AllPhotos\/PhotoModel",
            "type": "radial3",
            "initializationMode": "unknown",
            "pxInitialFocalLength": "-1",
            "pxFocalLength": "2676.0294537824716",
            "principalPoint": [
                "954.95111067876746",
                "517.6178190137075"
            ],
            "distortionParams": [
                "0.019978689822228127",
                "-1.7455128880585189",
                "20.418841953871127"
            ],
            "locked": "0"
        }
    ],
    "poses": [
        {
            "poseId": "111684999",
            "pose": {
                "transform": {
                    "rotation": [
                        "0.97852664994339011",
                        "0.036810966757786431",
                        "-0.20280667660834825",
                        "-0.011688663421226698",
                        "0.99225030232194378",
                        "0.12370413367966537",
                        "0.20578865493022516",
                        "-0.11867725253125969",
                        "0.97137363523704934"
                    ],
                    "center": [
                        "1.2497669525705826",
                        "-0.181029661775616",
                        "1.8215110407138546"
                    ]
                },
                "locked": "0"
            }
        },
        {
            "poseId": "183510718",
            "pose": {
                "transform": {
                    "rotation": [
                        "-0.62828692055953761",
                        "-0.17560459691370386",
                        "0.75790406450723624",
                        "0.1815717023235853",
                        "0.91419089278767118",
                        "0.36233510519875906",
                        "-0.75649670347538767",
                        "0.36526433864648772",
                        "-0.5424893552356721"
                    ],
                    "center": [
                        "-2.8680759998404208",
                        "-1.4267763729651575",
                        "7.5325776065681396"
                    ]
                },
                "locked": "0"
            }
        },
        {
            "poseId": "240098606",
            "pose": {
                "transform": {
                    "rotation": [
                        "-0.99060947399343702",
                        "-0.020907841622180786",
                        "-0.13511377499406854",
                        "-0.076332864762686622",
                        "0.90445203306122735",
                        "0.41969014004207184",
                        "0.11342911350957199",
                        "0.42606265038150704",
                        "-0.89755470817010274"
                    ],
                    "center": [
                        "1.2046474863006322",
                        "-1.6892877081077609",
                        "9.1503971637381571"
                    ]
                },
                "locked": "0"
            }
        },
        {
            "poseId": "334008734",
            "pose": {
                "transform": {
                    "rotation": [
                        "-0.69138980407689121",
                        "0.23225646005260542",
                        "-0.68413235238683912",
                        "-0.22173438104979404",
                        "0.83300760398630247",
                        "0.50688479555167443",
                        "0.68761471994059475",
                        "0.50215064319866265",
                        "-0.52443372170007019"
                    ],
                    "center": [
                        "2.9533277114546999",
                        "-1.5218581563184432",
                        "6.8689109863757913"
                    ]
                },
                "locked": "0"
            }
        },
        {
            "poseId": "419812921",
            "pose": {
                "transform": {
                    "rotation": [
                        "0.8444683612516809",
                        "0.048411807404528141",
                        "-0.53341305172326581",
                        "-0.10891803843085787",
                        "0.99061920284977956",
                        "-0.082525486061224188",
                        "0.5244140041506089",
                        "0.12778846524273627",
                        "0.84181949395439348"
                    ],
                    "center": [
                        "2.9084127678897658",
                        "0.58560182613152956",
                        "1.3653459210950085"
                    ]
                },
                "locked": "0"
            }
        },
        {
            "poseId": "463507930",
            "pose": {
                "transform": {
                    "rotation": [
                        "0.34667922448111216",
                        "-0.20922909486507005",
                        "0.91435042580791659",
                        "0.26731235828720318",
                        "0.95641890493486326",
                        "0.11750311225721297",
                        "-0.89908710279933868",
                        "0.20368128079217487",
                        "0.38750008701257171"
                    ],
                    "center": [
                        "-3.4987245428156877",
                        "-0.29905914382869503",
                        "3.3340638181178166"
                    ]
                },
                "locked": "0"
            }
        },
        {
            "poseId": "519724440",
            "pose": {
                "transform": {
                    "rotation": [
                        "-0.6324435318587649",
                        "-0.32899312931061397",
                        "0.70126934902105975",
                        "0.18095235751506089",
                        "0.8175248558880972",
                        "0.54672603222719052",
                        "-0.75317423171518083",
                        "0.47266968473930615",
                        "-0.45750622488518328"
                    ],
                    "center": [
                        "-1.8734287667984164",
                        "-1.6846399729398844",
                        "6.664316439877906"
                    ]
                },
                "locked": "0"
            }
        },
        {
            "poseId": "528461464",
            "pose": {
                "transform": {
                    "rotation": [
                        "0.9866893273236812",
                        "-0.07187531660109131",
                        "0.14587018272777494",
                        "0.085743991771390526",
                        "0.99214135493187983",
                        "-0.091123540915843654",
                        "-0.13817430738255673",
                        "0.10241811703710729",
                        "0.98509816266295214"
                    ],
                    "center": [
                        "-0.065126711044106889",
                        "0.62263112735233028",
                        "0.73823626418893729"
                    ]
                },
                "locked": "0"
            }
        },
        {
            "poseId": "548962315",
            "pose": {
                "transform": {
                    "rotation": [
                        "0.60382851724167808",
                        "0.094067783392307744",
                        "-0.79154429686112604",
                        "-0.1903096910436099",
                        "0.98130864895042991",
                        "-0.028557958434868969",
                        "0.77406288068903184",
                        "0.16788266028014873",
                        "0.61044415724671974"
                    ],
                    "center": [
                        "4.0493513888967065",
                        "0.35090495760396168",
                        "2.3689850307041285"
                    ]
                },
                "locked": "0"
            }
        },
        {
            "poseId": "662602160",
            "pose": {
                "transform": {
                    "rotation": [
                        "-0.85179107927748521",
                        "-0.13184052461520893",
                        "0.50702074250713203",
                        "0.10402937794268184",
                        "0.90597538896272034",
                        "0.41034922093103282",
                        "-0.51344897096805608",
                        "0.40227685822457321",
                        "-0.75798646660003832"
                    ],
                    "center": [
                        "-1.7307693828243451",
                        "-1.6510668831294675",
                        "8.5237212207557675"
                    ]
                },
                "locked": "0"
            }
        },
        {
            "poseId": "685539783",
            "pose": {
                "transform": {
                    "rotation": [
                        "0.28912840925089561",
                        "0.12353065362988672",
                        "-0.94928654292464276",
                        "-0.24640860867905981",
                        "0.96782881695117662",
                        "0.0508937977334743",
                        "0.92503381588615274",
                        "0.21919753350039956",
                        "0.31026582276242515"
                    ],
                    "center": [
                        "4.7649135579928616",
                        "0.0026479063470006281",
                        "3.6788889213322635"
                    ]
                },
                "locked": "0"
            }
        },
        {
            "poseId": "875067505",
            "pose": {
                "transform": {
                    "rotation": [
                        "0.64061710829071439",
                        "-0.3391562491283891",
                        "0.6888996728424287",
                        "0.23584602971923921",
                        "0.94070905664717164",
                        "0.24380959990874101",
                        "-0.73074371077068812",
                        "0.0062856518477159007",
                        "0.68262297042359654"
                    ],
                    "center": [
                        "-1.7525062048728945",
                        "-0.59315997404569809",
                        "2.7528581919147355"
                    ]
                },
                "locked": "0"
            }
        },
        {
            "poseId": "952362924",
            "pose": {
                "transform": {
                    "rotation": [
                        "-0.89293411486559848",
                        "0.12764334644659997",
                        "-0.43171268526313122",
                        "-0.15713091787274391",
                        "0.81028547171086773",
                        "0.56457712403423299",
                        "0.42187503026092832",
                        "0.57196558501557582",
                        "-0.70347482428309471"
                    ],
                    "center": [
                        "2.0925714990561084",
                        "-1.7381087132455426",
                        "7.5104402874919334"
                    ]
                },
                "locked": "0"
            }
        },
        {
            "poseId": "962850120",
            "pose": {
                "transform": {
                    "rotation": [
                        "-0.40654730634768649",
                        "0.30795115870885631",
                        "-0.86016589769143548",
                        "-0.26153599288202439",
                        "0.8628557852266725",
                        "0.43252608976578005",
                        "0.87539603159293211",
                        "0.40080665881536287",
                        "-0.27025138319833109"
                    ],
                    "center": [
                        "3.5320369345864018",
                        "-1.2491401246849732",
                        "5.9782158767976572"
                    ]
                },
                "locked": "0"
            }
        },
        {
            "poseId": "972974642",
            "pose": {
                "transform": {
                    "rotation": [
                        "-0.059789395502418283",
                        "0.13123893509712578",
                        "-0.9895461434920696",
                        "-0.27117480729685195",
                        "0.95190364626513024",
                        "0.14263124522580833",
                        "0.96067135487271105",
                        "0.2768678207046133",
                        "-0.021325050651932805"
                    ],
                    "center": [
                        "4.9751035320558312",
                        "-0.40514881948570414",
                        "5.1418756836856296"
                    ]
                },
                "locked": "0"
            }
        },
        {
            "poseId": "1045860334",
            "pose": {
                "transform": {
                    "rotation": [
                        "-0.39787200661034533",
                        "0.1172776944049891",
                        "-0.9099141765853016",
                        "-0.26257906168598527",
                        "0.9357498987338646",
                        "0.23542379527921586",
                        "0.87906205851462205",
                        "0.33259294853410915",
                        "-0.34151402294111227"
                    ],
                    "center": [
                        "4.6581501671526571",
